############################################################
#
# Nuclide : Pb204
#
#
# 1D-data stored in GroupDataSet
#
#E_up     total     (n,2n)    capture   mu        elastic   inelastic 
1.000e+07 5.170e+00 1.482e-01 2.979e-03 7.423e-01 2.640e+00 2.378e+00 
7.788e+06 5.880e+00 0.000e+00 5.842e-03 7.714e-01 3.340e+00 2.534e+00 
6.065e+06 6.810e+00 0.000e+00 1.054e-02 7.819e-01 4.179e+00 2.621e+00 
4.724e+06 7.356e+00 0.000e+00 1.502e-02 7.503e-01 4.755e+00 2.586e+00 
3.679e+06 7.329e+00 0.000e+00 1.798e-02 6.663e-01 4.892e+00 2.419e+00 
2.865e+06 6.728e+00 0.000e+00 1.974e-02 5.382e-01 4.619e+00 2.089e+00 
2.231e+06 5.851e+00 0.000e+00 2.264e-02 4.051e-01 4.245e+00 1.583e+00 
1.738e+06 5.317e+00 0.000e+00 3.339e-02 2.975e-01 4.406e+00 8.778e-01 
1.353e+06 5.035e+00 0.000e+00 4.413e-02 2.397e-01 4.550e+00 4.407e-01 
1.054e+06 5.042e+00 0.000e+00 5.402e-02 2.006e-01 4.884e+00 1.033e-01 
8.208e+05 5.223e+00 0.000e+00 5.363e-02 1.770e-01 5.169e+00 1.808e-04 
6.393e+05 5.985e+00 0.000e+00 4.840e-02 1.595e-01 5.936e+00 6.075e-05 
4.979e+05 6.243e+00 0.000e+00 4.601e-02 1.422e-01 6.197e+00 2.090e-05 
3.877e+05 6.846e+00 0.000e+00 4.616e-02 1.223e-01 6.800e+00 9.083e-06 
3.020e+05 7.311e+00 0.000e+00 4.734e-02 1.046e-01 7.264e+00 4.513e-06 
2.352e+05 8.273e+00 0.000e+00 4.863e-02 8.981e-02 8.224e+00 1.106e-06 
1.832e+05 8.315e+00 0.000e+00 5.156e-02 7.397e-02 8.263e+00 1.194e-07 
1.426e+05 8.563e+00 0.000e+00 5.515e-02 6.086e-02 8.508e+00 0.000e+00 
1.111e+05 1.049e+01 0.000e+00 5.891e-02 4.962e-02 1.043e+01 0.000e+00 
8.652e+04 8.924e+00 0.000e+00 6.099e-02 3.990e-02 8.863e+00 0.000e+00 
6.738e+04 1.068e+01 0.000e+00 5.445e-02 3.218e-02 1.062e+01 0.000e+00 
5.248e+04 1.089e+01 0.000e+00 5.657e-02 2.580e-02 1.084e+01 0.000e+00 
4.087e+04 1.147e+01 0.000e+00 6.517e-02 2.087e-02 1.140e+01 0.000e+00 
3.183e+04 1.114e+01 0.000e+00 6.782e-02 1.669e-02 1.107e+01 0.000e+00 
2.479e+04 1.233e+01 0.000e+00 8.073e-02 1.388e-02 1.225e+01 0.000e+00 
1.930e+04 1.020e+01 0.000e+00 4.291e-02 1.118e-02 1.016e+01 0.000e+00 
1.503e+04 1.556e+01 0.000e+00 1.167e-01 9.344e-03 1.544e+01 0.000e+00 
1.171e+04 1.211e+01 0.000e+00 1.841e-01 7.812e-03 1.193e+01 0.000e+00 
9.119e+03 1.886e+01 0.000e+00 3.334e-01 6.913e-03 1.853e+01 0.000e+00 
7.102e+03 1.053e+01 0.000e+00 1.124e-01 6.018e-03 1.042e+01 0.000e+00 
5.531e+03 1.030e+01 0.000e+00 8.932e-02 5.358e-03 1.021e+01 0.000e+00 
4.307e+03 1.105e+01 0.000e+00 9.820e-02 4.868e-03 1.096e+01 0.000e+00 
3.355e+03 1.275e+01 0.000e+00 4.889e-02 4.480e-03 1.270e+01 0.000e+00 
2.613e+03 2.461e+01 0.000e+00 1.276e+00 4.239e-03 2.334e+01 0.000e+00 
2.035e+03 3.036e+01 0.000e+00 4.528e+00 3.935e-03 2.583e+01 0.000e+00 
1.585e+03 9.779e+00 0.000e+00 3.299e-01 3.774e-03 9.449e+00 0.000e+00 
1.234e+03 1.062e+01 0.000e+00 7.501e-03 3.638e-03 1.061e+01 0.000e+00 
9.611e+02 1.107e+01 0.000e+00 5.536e-03 3.551e-03 1.106e+01 0.000e+00 
7.485e+02 1.135e+01 0.000e+00 5.240e-03 3.495e-03 1.134e+01 0.000e+00 
5.829e+02 1.177e+01 0.000e+00 7.178e-02 3.451e-03 1.170e+01 0.000e+00 
4.540e+02 1.170e+01 0.000e+00 5.901e-03 3.417e-03 1.170e+01 0.000e+00 
3.536e+02 1.182e+01 0.000e+00 6.526e-03 3.390e-03 1.181e+01 0.000e+00 
2.754e+02 1.190e+01 0.000e+00 7.298e-03 3.370e-03 1.190e+01 0.000e+00 
2.145e+02 1.197e+01 0.000e+00 8.211e-03 3.353e-03 1.197e+01 0.000e+00 
1.670e+02 1.203e+01 0.000e+00 9.265e-03 3.341e-03 1.202e+01 0.000e+00 
1.301e+02 1.207e+01 0.000e+00 1.048e-02 3.331e-03 1.206e+01 0.000e+00 
1.013e+02 1.210e+01 0.000e+00 1.186e-02 3.324e-03 1.209e+01 0.000e+00 
7.889e+01 1.213e+01 0.000e+00 1.343e-02 3.318e-03 1.212e+01 0.000e+00 
6.144e+01 1.215e+01 0.000e+00 1.521e-02 3.313e-03 1.214e+01 0.000e+00 
4.785e+01 1.217e+01 0.000e+00 1.724e-02 3.309e-03 1.215e+01 0.000e+00 
3.727e+01 1.218e+01 0.000e+00 1.953e-02 3.307e-03 1.216e+01 0.000e+00 
2.902e+01 1.220e+01 0.000e+00 2.213e-02 3.304e-03 1.217e+01 0.000e+00 
2.260e+01 1.221e+01 0.000e+00 2.507e-02 3.303e-03 1.218e+01 0.000e+00 
1.760e+01 1.221e+01 0.000e+00 2.841e-02 3.301e-03 1.219e+01 0.000e+00 
1.371e+01 1.222e+01 0.000e+00 3.220e-02 3.300e-03 1.219e+01 0.000e+00 
1.068e+01 1.223e+01 0.000e+00 3.649e-02 3.300e-03 1.219e+01 0.000e+00 
8.315e+00 1.224e+01 0.000e+00 4.134e-02 3.299e-03 1.220e+01 0.000e+00 
6.476e+00 1.225e+01 0.000e+00 4.685e-02 3.298e-03 1.220e+01 0.000e+00 
5.043e+00 1.225e+01 0.000e+00 5.309e-02 3.298e-03 1.220e+01 0.000e+00 
3.928e+00 1.226e+01 0.000e+00 6.017e-02 3.298e-03 1.220e+01 0.000e+00 
3.059e+00 1.227e+01 0.000e+00 6.818e-02 3.298e-03 1.220e+01 0.000e+00 
2.382e+00 1.228e+01 0.000e+00 7.725e-02 3.297e-03 1.220e+01 0.000e+00 
1.855e+00 1.229e+01 0.000e+00 8.479e-02 3.297e-03 1.220e+01 0.000e+00 
1.637e+00 1.229e+01 0.000e+00 9.030e-02 3.297e-03 1.220e+01 0.000e+00 
1.445e+00 1.230e+01 0.000e+00 9.609e-02 3.297e-03 1.220e+01 0.000e+00 
1.275e+00 1.231e+01 0.000e+00 1.023e-01 3.297e-03 1.220e+01 0.000e+00 
1.125e+00 1.231e+01 0.000e+00 1.089e-01 3.297e-03 1.221e+01 0.000e+00 
9.931e-01 1.232e+01 0.000e+00 1.159e-01 3.297e-03 1.221e+01 0.000e+00 
8.764e-01 1.233e+01 0.000e+00 1.234e-01 3.297e-03 1.221e+01 0.000e+00 
7.734e-01 1.234e+01 0.000e+00 1.314e-01 3.297e-03 1.221e+01 0.000e+00 
6.826e-01 1.235e+01 0.000e+00 1.399e-01 3.297e-03 1.221e+01 0.000e+00 
6.024e-01 1.235e+01 0.000e+00 1.489e-01 3.297e-03 1.221e+01 0.000e+00 
5.316e-01 1.236e+01 0.000e+00 1.584e-01 3.297e-03 1.221e+01 0.000e+00 
4.691e-01 1.237e+01 0.000e+00 1.686e-01 3.297e-03 1.221e+01 0.000e+00 
4.140e-01 1.238e+01 0.000e+00 1.767e-01 3.297e-03 1.221e+01 0.000e+00 
3.893e-01 1.239e+01 0.000e+00 1.823e-01 3.297e-03 1.221e+01 0.000e+00 
3.653e-01 1.239e+01 0.000e+00 1.883e-01 3.297e-03 1.221e+01 0.000e+00 
3.421e-01 1.240e+01 0.000e+00 1.947e-01 3.297e-03 1.221e+01 0.000e+00 
3.196e-01 1.241e+01 0.000e+00 2.015e-01 3.297e-03 1.221e+01 0.000e+00 
2.979e-01 1.242e+01 0.000e+00 2.088e-01 3.297e-03 1.221e+01 0.000e+00 
2.770e-01 1.242e+01 0.000e+00 2.167e-01 3.297e-03 1.221e+01 0.000e+00 
2.568e-01 1.243e+01 0.000e+00 2.252e-01 3.297e-03 1.221e+01 0.000e+00 
2.374e-01 1.244e+01 0.000e+00 2.344e-01 3.297e-03 1.221e+01 0.000e+00 
2.188e-01 1.245e+01 0.000e+00 2.445e-01 3.297e-03 1.221e+01 0.000e+00 
2.009e-01 1.247e+01 0.000e+00 2.554e-01 3.297e-03 1.221e+01 0.000e+00 
1.838e-01 1.248e+01 0.000e+00 2.673e-01 3.297e-03 1.221e+01 0.000e+00 
1.674e-01 1.249e+01 0.000e+00 2.804e-01 3.297e-03 1.221e+01 0.000e+00 
1.518e-01 1.251e+01 0.000e+00 2.948e-01 3.297e-03 1.222e+01 0.000e+00 
1.370e-01 1.253e+01 0.000e+00 3.107e-01 3.297e-03 1.222e+01 0.000e+00 
1.229e-01 1.255e+01 0.000e+00 3.285e-01 3.297e-03 1.222e+01 0.000e+00 
1.096e-01 1.257e+01 0.000e+00 3.485e-01 3.297e-03 1.222e+01 0.000e+00 
9.708e-02 1.259e+01 0.000e+00 3.710e-01 3.297e-03 1.222e+01 0.000e+00 
8.540e-02 1.262e+01 0.000e+00 3.967e-01 3.297e-03 1.222e+01 0.000e+00 
7.428e-02 1.265e+01 0.000e+00 4.264e-01 3.297e-03 1.223e+01 0.000e+00 
6.402e-02 1.269e+01 0.000e+00 4.606e-01 3.297e-03 1.223e+01 0.000e+00 
5.452e-02 1.273e+01 0.000e+00 5.009e-01 3.297e-03 1.223e+01 0.000e+00 
4.578e-02 1.278e+01 0.000e+00 5.487e-01 3.297e-03 1.223e+01 0.000e+00 
3.781e-02 1.284e+01 0.000e+00 6.064e-01 3.297e-03 1.223e+01 0.000e+00 
3.060e-02 1.291e+01 0.000e+00 6.776e-01 3.297e-03 1.223e+01 0.000e+00 
2.415e-02 1.301e+01 0.000e+00 7.680e-01 3.297e-03 1.224e+01 0.000e+00 
1.847e-02 1.314e+01 0.000e+00 8.861e-01 3.297e-03 1.225e+01 0.000e+00 
1.354e-02 1.333e+01 0.000e+00 1.047e+00 3.297e-03 1.228e+01 0.000e+00 
9.380e-03 1.359e+01 0.000e+00 1.278e+00 3.297e-03 1.231e+01 0.000e+00 
5.980e-03 1.402e+01 0.000e+00 1.637e+00 3.297e-03 1.238e+01 0.000e+00 
3.342e-03 1.481e+01 0.000e+00 2.272e+00 3.297e-03 1.254e+01 0.000e+00 
1.466e-03 1.673e+01 0.000e+00 3.655e+00 3.297e-03 1.307e+01 0.000e+00 
3.524e-04 2.414e+01 0.000e+00 7.923e+00 3.297e-03 1.621e+01 0.000e+00 
1.000e-05 2.414e+01 0.000e+00 7.923e+00 3.297e-03 1.621e+01 0.000e+00 
############################################################
############################################################
#
# Nuclide : Pb206
#
#
# 1D-data stored in GroupDataSet
#
#E_up     total     (n,2n)    capture   mu        elastic   inelastic 
1.000e+07 5.191e+00 2.648e-01 1.472e-03 7.391e-01 2.672e+00 2.252e+00 
7.788e+06 5.907e+00 0.000e+00 1.589e-03 7.685e-01 3.383e+00 2.523e+00 
6.065e+06 6.956e+00 0.000e+00 2.014e-03 7.762e-01 4.358e+00 2.596e+00 
4.724e+06 7.551e+00 0.000e+00 2.240e-03 7.395e-01 5.016e+00 2.533e+00 
3.679e+06 7.670e+00 0.000e+00 2.154e-03 6.497e-01 5.333e+00 2.334e+00 
2.865e+06 6.952e+00 0.000e+00 2.113e-03 5.188e-01 4.973e+00 1.976e+00 
2.231e+06 5.715e+00 0.000e+00 2.450e-03 3.856e-01 4.244e+00 1.469e+00 
1.738e+06 4.999e+00 0.000e+00 3.350e-03 2.916e-01 4.060e+00 9.350e-01 
1.353e+06 4.910e+00 0.000e+00 3.895e-03 2.378e-01 4.356e+00 5.496e-01 
1.054e+06 4.946e+00 0.000e+00 4.999e-03 2.010e-01 4.709e+00 2.324e-01 
8.208e+05 5.539e+00 0.000e+00 5.245e-03 1.735e-01 5.533e+00 9.059e-04 
6.393e+05 5.836e+00 0.000e+00 7.015e-03 1.572e-01 5.829e+00 6.358e-06 
4.979e+05 5.933e+00 0.000e+00 8.944e-03 1.398e-01 5.924e+00 2.210e-06 
3.877e+05 5.537e+00 0.000e+00 6.641e-03 1.208e-01 5.530e+00 9.682e-07 
3.020e+05 7.435e+00 0.000e+00 6.286e-03 1.025e-01 7.429e+00 4.810e-07 
2.352e+05 7.638e+00 0.000e+00 7.043e-03 8.843e-02 7.631e+00 1.179e-07 
1.832e+05 8.967e+00 0.000e+00 8.119e-03 7.215e-02 8.959e+00 1.272e-08 
1.426e+05 9.435e+00 0.000e+00 1.928e-02 5.934e-02 9.415e+00 0.000e+00 
1.111e+05 9.500e+00 0.000e+00 8.941e-03 4.860e-02 9.491e+00 0.000e+00 
8.652e+04 9.583e+00 0.000e+00 9.133e-03 3.901e-02 9.574e+00 0.000e+00 
6.738e+04 9.639e+00 0.000e+00 1.271e-02 3.139e-02 9.626e+00 0.000e+00 
5.248e+04 1.030e+01 0.000e+00 8.420e-03 2.525e-02 1.029e+01 0.000e+00 
4.087e+04 1.036e+01 0.000e+00 1.105e-02 2.024e-02 1.035e+01 0.000e+00 
3.183e+04 1.132e+01 0.000e+00 1.751e-02 1.620e-02 1.130e+01 0.000e+00 
2.479e+04 1.036e+01 0.000e+00 1.931e-02 1.330e-02 1.034e+01 0.000e+00 
1.930e+04 1.032e+01 0.000e+00 3.656e-02 1.095e-02 1.029e+01 0.000e+00 
1.503e+04 1.049e+01 0.000e+00 1.019e-02 9.116e-03 1.048e+01 0.000e+00 
1.171e+04 1.046e+01 0.000e+00 1.303e-02 7.687e-03 1.044e+01 0.000e+00 
9.119e+03 1.051e+01 0.000e+00 3.148e-05 6.656e-03 1.051e+01 0.000e+00 
7.102e+03 1.057e+01 0.000e+00 3.683e-05 5.872e-03 1.057e+01 0.000e+00 
5.531e+03 1.061e+01 0.000e+00 4.684e-05 5.262e-03 1.061e+01 0.000e+00 
4.307e+03 1.147e+01 0.000e+00 1.665e-01 4.775e-03 1.130e+01 0.000e+00 
3.355e+03 1.070e+01 0.000e+00 3.898e-03 4.417e-03 1.070e+01 0.000e+00 
2.613e+03 1.072e+01 0.000e+00 7.763e-05 4.128e-03 1.072e+01 0.000e+00 
2.035e+03 1.074e+01 0.000e+00 8.596e-05 3.904e-03 1.074e+01 0.000e+00 
1.585e+03 1.076e+01 0.000e+00 9.916e-05 3.729e-03 1.076e+01 0.000e+00 
1.234e+03 1.077e+01 0.000e+00 1.151e-04 3.593e-03 1.077e+01 0.000e+00 
9.611e+02 1.078e+01 0.000e+00 1.332e-04 3.509e-03 1.078e+01 0.000e+00 
7.485e+02 1.079e+01 0.000e+00 1.536e-04 3.455e-03 1.079e+01 0.000e+00 
5.829e+02 1.080e+01 0.000e+00 1.766e-04 3.413e-03 1.080e+01 0.000e+00 
4.540e+02 1.081e+01 0.000e+00 2.022e-04 3.380e-03 1.081e+01 0.000e+00 
3.536e+02 1.081e+01 0.000e+00 2.313e-04 3.355e-03 1.081e+01 0.000e+00 
2.754e+02 1.081e+01 0.000e+00 2.641e-04 3.335e-03 1.081e+01 0.000e+00 
2.145e+02 1.082e+01 0.000e+00 3.010e-04 3.319e-03 1.082e+01 0.000e+00 
1.670e+02 1.082e+01 0.000e+00 3.427e-04 3.307e-03 1.082e+01 0.000e+00 
1.301e+02 1.082e+01 0.000e+00 3.898e-04 3.298e-03 1.082e+01 0.000e+00 
1.013e+02 1.082e+01 0.000e+00 4.430e-04 3.291e-03 1.082e+01 0.000e+00 
7.889e+01 1.082e+01 0.000e+00 5.030e-04 3.285e-03 1.082e+01 0.000e+00 
6.144e+01 1.082e+01 0.000e+00 5.712e-04 3.280e-03 1.082e+01 0.000e+00 
4.785e+01 1.082e+01 0.000e+00 6.480e-04 3.277e-03 1.082e+01 0.000e+00 
3.727e+01 1.082e+01 0.000e+00 7.352e-04 3.274e-03 1.082e+01 0.000e+00 
2.902e+01 1.082e+01 0.000e+00 8.336e-04 3.272e-03 1.082e+01 0.000e+00 
2.260e+01 1.082e+01 0.000e+00 9.454e-04 3.270e-03 1.082e+01 0.000e+00 
1.760e+01 1.083e+01 0.000e+00 1.072e-03 3.269e-03 1.082e+01 0.000e+00 
1.371e+01 1.083e+01 0.000e+00 1.215e-03 3.268e-03 1.082e+01 0.000e+00 
1.068e+01 1.083e+01 0.000e+00 1.377e-03 3.267e-03 1.082e+01 0.000e+00 
8.315e+00 1.083e+01 0.000e+00 1.561e-03 3.267e-03 1.082e+01 0.000e+00 
6.476e+00 1.083e+01 0.000e+00 1.769e-03 3.266e-03 1.082e+01 0.000e+00 
5.043e+00 1.083e+01 0.000e+00 2.005e-03 3.266e-03 1.082e+01 0.000e+00 
3.928e+00 1.083e+01 0.000e+00 2.272e-03 3.266e-03 1.082e+01 0.000e+00 
3.059e+00 1.083e+01 0.000e+00 2.574e-03 3.265e-03 1.082e+01 0.000e+00 
2.382e+00 1.083e+01 0.000e+00 2.918e-03 3.265e-03 1.082e+01 0.000e+00 
1.855e+00 1.083e+01 0.000e+00 3.203e-03 3.265e-03 1.082e+01 0.000e+00 
1.637e+00 1.083e+01 0.000e+00 3.409e-03 3.265e-03 1.082e+01 0.000e+00 
1.445e+00 1.083e+01 0.000e+00 3.631e-03 3.265e-03 1.082e+01 0.000e+00 
1.275e+00 1.083e+01 0.000e+00 3.863e-03 3.265e-03 1.082e+01 0.000e+00 
1.125e+00 1.083e+01 0.000e+00 4.113e-03 3.265e-03 1.082e+01 0.000e+00 
9.931e-01 1.083e+01 0.000e+00 4.380e-03 3.265e-03 1.082e+01 0.000e+00 
8.764e-01 1.083e+01 0.000e+00 4.660e-03 3.265e-03 1.082e+01 0.000e+00 
7.734e-01 1.083e+01 0.000e+00 4.960e-03 3.265e-03 1.082e+01 0.000e+00 
6.826e-01 1.083e+01 0.000e+00 5.281e-03 3.265e-03 1.082e+01 0.000e+00 
6.024e-01 1.083e+01 0.000e+00 5.622e-03 3.265e-03 1.082e+01 0.000e+00 
5.316e-01 1.083e+01 0.000e+00 5.987e-03 3.265e-03 1.082e+01 0.000e+00 
4.691e-01 1.083e+01 0.000e+00 6.371e-03 3.265e-03 1.082e+01 0.000e+00 
4.140e-01 1.083e+01 0.000e+00 6.672e-03 3.265e-03 1.082e+01 0.000e+00 
3.893e-01 1.083e+01 0.000e+00 6.886e-03 3.265e-03 1.082e+01 0.000e+00 
3.653e-01 1.083e+01 0.000e+00 7.111e-03 3.265e-03 1.082e+01 0.000e+00 
3.421e-01 1.083e+01 0.000e+00 7.352e-03 3.265e-03 1.082e+01 0.000e+00 
3.196e-01 1.083e+01 0.000e+00 7.612e-03 3.265e-03 1.082e+01 0.000e+00 
2.979e-01 1.083e+01 0.000e+00 7.890e-03 3.265e-03 1.082e+01 0.000e+00 
2.770e-01 1.083e+01 0.000e+00 8.188e-03 3.265e-03 1.082e+01 0.000e+00 
2.568e-01 1.083e+01 0.000e+00 8.510e-03 3.265e-03 1.082e+01 0.000e+00 
2.374e-01 1.083e+01 0.000e+00 8.857e-03 3.265e-03 1.083e+01 0.000e+00 
2.188e-01 1.084e+01 0.000e+00 9.234e-03 3.265e-03 1.083e+01 0.000e+00 
2.009e-01 1.084e+01 0.000e+00 9.646e-03 3.265e-03 1.083e+01 0.000e+00 
1.838e-01 1.084e+01 0.000e+00 1.010e-02 3.265e-03 1.083e+01 0.000e+00 
1.674e-01 1.084e+01 0.000e+00 1.059e-02 3.265e-03 1.083e+01 0.000e+00 
1.518e-01 1.085e+01 0.000e+00 1.114e-02 3.265e-03 1.083e+01 0.000e+00 
1.370e-01 1.085e+01 0.000e+00 1.174e-02 3.265e-03 1.084e+01 0.000e+00 
1.229e-01 1.085e+01 0.000e+00 1.241e-02 3.265e-03 1.084e+01 0.000e+00 
1.096e-01 1.085e+01 0.000e+00 1.317e-02 3.265e-03 1.084e+01 0.000e+00 
9.708e-02 1.085e+01 0.000e+00 1.401e-02 3.265e-03 1.084e+01 0.000e+00 
8.540e-02 1.086e+01 0.000e+00 1.498e-02 3.265e-03 1.084e+01 0.000e+00 
7.428e-02 1.086e+01 0.000e+00 1.611e-02 3.265e-03 1.084e+01 0.000e+00 
6.402e-02 1.086e+01 0.000e+00 1.740e-02 3.265e-03 1.084e+01 0.000e+00 
5.452e-02 1.086e+01 0.000e+00 1.892e-02 3.265e-03 1.085e+01 0.000e+00 
4.578e-02 1.087e+01 0.000e+00 2.072e-02 3.265e-03 1.085e+01 0.000e+00 
3.781e-02 1.087e+01 0.000e+00 2.291e-02 3.265e-03 1.085e+01 0.000e+00 
3.060e-02 1.087e+01 0.000e+00 2.560e-02 3.265e-03 1.085e+01 0.000e+00 
2.415e-02 1.088e+01 0.000e+00 2.901e-02 3.265e-03 1.086e+01 0.000e+00 
1.847e-02 1.090e+01 0.000e+00 3.347e-02 3.265e-03 1.087e+01 0.000e+00 
1.354e-02 1.093e+01 0.000e+00 3.954e-02 3.265e-03 1.089e+01 0.000e+00 
9.380e-03 1.097e+01 0.000e+00 4.826e-02 3.265e-03 1.092e+01 0.000e+00 
5.980e-03 1.104e+01 0.000e+00 6.185e-02 3.265e-03 1.098e+01 0.000e+00 
3.342e-03 1.120e+01 0.000e+00 8.584e-02 3.265e-03 1.112e+01 0.000e+00 
1.466e-03 1.172e+01 0.000e+00 1.381e-01 3.265e-03 1.159e+01 0.000e+00 
3.524e-04 1.465e+01 0.000e+00 2.993e-01 3.265e-03 1.435e+01 0.000e+00 
1.000e-05 1.465e+01 0.000e+00 2.993e-01 3.265e-03 1.435e+01 0.000e+00 
############################################################
############################################################
#
# Nuclide : Pb207
#
#
# 1D-data stored in GroupDataSet
#
#E_up     total     (n,2n)    capture   mu        elastic   inelastic 
1.000e+07 5.205e+00 7.476e-01 1.710e-03 7.392e-01 2.678e+00 1.778e+00 
7.788e+06 5.941e+00 4.097e-02 1.928e-03 7.674e-01 3.423e+00 2.475e+00 
6.065e+06 7.156e+00 0.000e+00 2.669e-03 7.683e-01 4.603e+00 2.550e+00 
4.724e+06 7.731e+00 0.000e+00 3.490e-03 7.144e-01 5.368e+00 2.360e+00 
3.679e+06 7.807e+00 0.000e+00 3.640e-03 6.082e-01 5.816e+00 1.988e+00 
2.865e+06 7.226e+00 0.000e+00 3.204e-03 4.762e-01 5.667e+00 1.556e+00 
2.231e+06 6.104e+00 0.000e+00 2.361e-03 3.624e-01 4.883e+00 1.219e+00 
1.738e+06 5.361e+00 0.000e+00 2.079e-03 2.894e-01 4.408e+00 9.511e-01 
1.353e+06 5.245e+00 0.000e+00 1.758e-03 2.459e-01 4.528e+00 7.154e-01 
1.054e+06 5.031e+00 0.000e+00 1.768e-03 2.094e-01 4.580e+00 4.498e-01 
8.208e+05 5.535e+00 0.000e+00 2.246e-03 1.817e-01 5.282e+00 2.503e-01 
6.393e+05 6.267e+00 0.000e+00 2.911e-03 1.582e-01 6.221e+00 4.298e-02 
4.979e+05 5.015e+00 0.000e+00 2.868e-03 1.395e-01 5.012e+00 1.942e-06 
3.877e+05 7.435e+00 0.000e+00 4.506e-03 1.217e-01 7.431e+00 7.048e-07 
3.020e+05 8.291e+00 0.000e+00 4.197e-03 1.043e-01 8.286e+00 2.439e-07 
2.352e+05 7.973e+00 0.000e+00 2.217e-03 8.807e-02 7.970e+00 7.693e-08 
1.832e+05 9.012e+00 0.000e+00 8.566e-03 7.215e-02 9.003e+00 1.213e-08 
1.426e+05 1.101e+01 0.000e+00 5.130e-03 5.871e-02 1.100e+01 0.000e+00 
1.111e+05 1.059e+01 0.000e+00 3.224e-03 4.817e-02 1.058e+01 0.000e+00 
8.652e+04 1.076e+01 0.000e+00 2.020e-03 3.865e-02 1.076e+01 0.000e+00 
6.738e+04 1.148e+01 0.000e+00 2.633e-04 3.097e-02 1.148e+01 0.000e+00 
5.248e+04 1.958e+01 0.000e+00 1.921e-02 2.433e-02 1.956e+01 0.000e+00 
4.087e+04 7.341e+00 0.000e+00 1.784e-02 1.990e-02 7.323e+00 0.000e+00 
3.183e+04 9.740e+00 0.000e+00 9.112e-03 1.617e-02 9.730e+00 0.000e+00 
2.479e+04 1.005e+01 0.000e+00 4.985e-04 1.317e-02 1.005e+01 0.000e+00 
1.930e+04 1.161e+01 0.000e+00 2.163e-02 1.082e-02 1.158e+01 0.000e+00 
1.503e+04 1.078e+01 0.000e+00 3.125e-02 9.020e-03 1.074e+01 0.000e+00 
1.171e+04 1.099e+01 0.000e+00 2.434e-02 7.614e-03 1.097e+01 0.000e+00 
9.119e+03 1.100e+01 0.000e+00 8.341e-04 6.597e-03 1.100e+01 0.000e+00 
7.102e+03 1.110e+01 0.000e+00 9.896e-04 5.824e-03 1.110e+01 0.000e+00 
5.531e+03 1.119e+01 0.000e+00 1.172e-03 5.222e-03 1.119e+01 0.000e+00 
4.307e+03 1.125e+01 0.000e+00 1.390e-03 4.753e-03 1.125e+01 0.000e+00 
3.355e+03 1.154e+01 0.000e+00 1.398e-01 4.388e-03 1.140e+01 0.000e+00 
2.613e+03 1.134e+01 0.000e+00 1.876e-03 4.103e-03 1.134e+01 0.000e+00 
2.035e+03 1.137e+01 0.000e+00 2.163e-03 3.881e-03 1.137e+01 0.000e+00 
1.585e+03 1.140e+01 0.000e+00 2.489e-03 3.708e-03 1.139e+01 0.000e+00 
1.234e+03 1.142e+01 0.000e+00 2.856e-03 3.574e-03 1.141e+01 0.000e+00 
9.611e+02 1.143e+01 0.000e+00 3.269e-03 3.491e-03 1.143e+01 0.000e+00 
7.485e+02 1.145e+01 0.000e+00 3.734e-03 3.438e-03 1.144e+01 0.000e+00 
5.829e+02 1.145e+01 0.000e+00 4.258e-03 3.396e-03 1.145e+01 0.000e+00 
4.540e+02 1.146e+01 0.000e+00 4.848e-03 3.363e-03 1.146e+01 0.000e+00 
3.536e+02 1.147e+01 0.000e+00 5.516e-03 3.338e-03 1.146e+01 0.000e+00 
2.754e+02 1.147e+01 0.000e+00 6.268e-03 3.318e-03 1.147e+01 0.000e+00 
2.145e+02 1.148e+01 0.000e+00 7.118e-03 3.303e-03 1.147e+01 0.000e+00 
1.670e+02 1.148e+01 0.000e+00 8.081e-03 3.291e-03 1.147e+01 0.000e+00 
1.301e+02 1.148e+01 0.000e+00 9.172e-03 3.282e-03 1.148e+01 0.000e+00 
1.013e+02 1.149e+01 0.000e+00 1.040e-02 3.274e-03 1.148e+01 0.000e+00 
7.889e+01 1.149e+01 0.000e+00 1.180e-02 3.269e-03 1.148e+01 0.000e+00 
6.144e+01 1.149e+01 0.000e+00 1.338e-02 3.264e-03 1.148e+01 0.000e+00 
4.785e+01 1.150e+01 0.000e+00 1.517e-02 3.261e-03 1.148e+01 0.000e+00 
3.727e+01 1.150e+01 0.000e+00 1.720e-02 3.258e-03 1.148e+01 0.000e+00 
2.902e+01 1.150e+01 0.000e+00 1.949e-02 3.256e-03 1.148e+01 0.000e+00 
2.260e+01 1.150e+01 0.000e+00 2.210e-02 3.255e-03 1.148e+01 0.000e+00 
1.760e+01 1.151e+01 0.000e+00 2.505e-02 3.253e-03 1.148e+01 0.000e+00 
1.371e+01 1.151e+01 0.000e+00 2.838e-02 3.252e-03 1.148e+01 0.000e+00 
1.068e+01 1.151e+01 0.000e+00 3.216e-02 3.252e-03 1.148e+01 0.000e+00 
8.315e+00 1.152e+01 0.000e+00 3.646e-02 3.251e-03 1.148e+01 0.000e+00 
6.476e+00 1.152e+01 0.000e+00 4.130e-02 3.251e-03 1.148e+01 0.000e+00 
5.043e+00 1.153e+01 0.000e+00 4.680e-02 3.250e-03 1.148e+01 0.000e+00 
3.928e+00 1.154e+01 0.000e+00 5.304e-02 3.250e-03 1.148e+01 0.000e+00 
3.059e+00 1.154e+01 0.000e+00 6.011e-02 3.250e-03 1.148e+01 0.000e+00 
2.382e+00 1.155e+01 0.000e+00 6.812e-02 3.250e-03 1.148e+01 0.000e+00 
1.855e+00 1.156e+01 0.000e+00 7.476e-02 3.249e-03 1.148e+01 0.000e+00 
1.637e+00 1.156e+01 0.000e+00 7.959e-02 3.249e-03 1.148e+01 0.000e+00 
1.445e+00 1.157e+01 0.000e+00 8.470e-02 3.249e-03 1.148e+01 0.000e+00 
1.275e+00 1.157e+01 0.000e+00 9.019e-02 3.249e-03 1.148e+01 0.000e+00 
1.125e+00 1.158e+01 0.000e+00 9.602e-02 3.249e-03 1.148e+01 0.000e+00 
9.931e-01 1.159e+01 0.000e+00 1.022e-01 3.249e-03 1.148e+01 0.000e+00 
8.764e-01 1.159e+01 0.000e+00 1.088e-01 3.249e-03 1.148e+01 0.000e+00 
7.734e-01 1.160e+01 0.000e+00 1.158e-01 3.249e-03 1.148e+01 0.000e+00 
6.826e-01 1.161e+01 0.000e+00 1.233e-01 3.249e-03 1.148e+01 0.000e+00 
6.024e-01 1.161e+01 0.000e+00 1.313e-01 3.249e-03 1.148e+01 0.000e+00 
5.316e-01 1.162e+01 0.000e+00 1.398e-01 3.249e-03 1.148e+01 0.000e+00 
4.691e-01 1.163e+01 0.000e+00 1.487e-01 3.249e-03 1.148e+01 0.000e+00 
4.140e-01 1.164e+01 0.000e+00 1.558e-01 3.249e-03 1.148e+01 0.000e+00 
3.893e-01 1.164e+01 0.000e+00 1.607e-01 3.249e-03 1.148e+01 0.000e+00 
3.653e-01 1.165e+01 0.000e+00 1.660e-01 3.249e-03 1.148e+01 0.000e+00 
3.421e-01 1.165e+01 0.000e+00 1.716e-01 3.249e-03 1.148e+01 0.000e+00 
3.196e-01 1.166e+01 0.000e+00 1.777e-01 3.249e-03 1.148e+01 0.000e+00 
2.979e-01 1.167e+01 0.000e+00 1.842e-01 3.249e-03 1.148e+01 0.000e+00 
2.770e-01 1.167e+01 0.000e+00 1.911e-01 3.249e-03 1.148e+01 0.000e+00 
2.568e-01 1.168e+01 0.000e+00 1.986e-01 3.249e-03 1.148e+01 0.000e+00 
2.374e-01 1.169e+01 0.000e+00 2.068e-01 3.249e-03 1.148e+01 0.000e+00 
2.188e-01 1.170e+01 0.000e+00 2.156e-01 3.249e-03 1.149e+01 0.000e+00 
2.009e-01 1.171e+01 0.000e+00 2.252e-01 3.249e-03 1.149e+01 0.000e+00 
1.838e-01 1.173e+01 0.000e+00 2.356e-01 3.249e-03 1.149e+01 0.000e+00 
1.674e-01 1.174e+01 0.000e+00 2.472e-01 3.249e-03 1.149e+01 0.000e+00 
1.518e-01 1.175e+01 0.000e+00 2.599e-01 3.249e-03 1.149e+01 0.000e+00 
1.370e-01 1.177e+01 0.000e+00 2.740e-01 3.249e-03 1.149e+01 0.000e+00 
1.229e-01 1.179e+01 0.000e+00 2.898e-01 3.249e-03 1.150e+01 0.000e+00 
1.096e-01 1.181e+01 0.000e+00 3.074e-01 3.249e-03 1.150e+01 0.000e+00 
9.708e-02 1.183e+01 0.000e+00 3.271e-01 3.249e-03 1.150e+01 0.000e+00 
8.540e-02 1.185e+01 0.000e+00 3.498e-01 3.249e-03 1.150e+01 0.000e+00 
7.428e-02 1.188e+01 0.000e+00 3.759e-01 3.249e-03 1.150e+01 0.000e+00 
6.402e-02 1.191e+01 0.000e+00 4.062e-01 3.249e-03 1.150e+01 0.000e+00 
5.452e-02 1.195e+01 0.000e+00 4.416e-01 3.249e-03 1.150e+01 0.000e+00 
4.578e-02 1.199e+01 0.000e+00 4.837e-01 3.249e-03 1.151e+01 0.000e+00 
3.781e-02 1.204e+01 0.000e+00 5.347e-01 3.249e-03 1.151e+01 0.000e+00 
3.060e-02 1.211e+01 0.000e+00 5.977e-01 3.249e-03 1.151e+01 0.000e+00 
2.415e-02 1.219e+01 0.000e+00 6.772e-01 3.249e-03 1.151e+01 0.000e+00 
1.847e-02 1.231e+01 0.000e+00 7.813e-01 3.249e-03 1.153e+01 0.000e+00 
1.354e-02 1.248e+01 0.000e+00 9.228e-01 3.249e-03 1.155e+01 0.000e+00 
9.380e-03 1.271e+01 0.000e+00 1.127e+00 3.249e-03 1.158e+01 0.000e+00 
5.980e-03 1.309e+01 0.000e+00 1.444e+00 3.249e-03 1.164e+01 0.000e+00 
3.342e-03 1.379e+01 0.000e+00 2.004e+00 3.249e-03 1.179e+01 0.000e+00 
1.466e-03 1.551e+01 0.000e+00 3.223e+00 3.249e-03 1.229e+01 0.000e+00 
3.524e-04 2.219e+01 0.000e+00 6.986e+00 3.249e-03 1.520e+01 0.000e+00 
1.000e-05 2.219e+01 0.000e+00 6.986e+00 3.249e-03 1.520e+01 0.000e+00 
############################################################
############################################################
#
# Nuclide : Pb208
#
#
# 1D-data stored in GroupDataSet
#
#E_up     total     (n,2n)    capture   mu        elastic   inelastic 
1.000e+07 5.270e+00 4.900e-01 1.393e-03 7.510e-01 2.673e+00 2.106e+00 
7.788e+06 6.009e+00 4.981e-03 6.332e-04 7.738e-01 3.451e+00 2.552e+00 
6.065e+06 7.197e+00 0.000e+00 4.380e-04 7.527e-01 4.737e+00 2.460e+00 
4.724e+06 7.682e+00 0.000e+00 6.314e-04 6.313e-01 5.987e+00 1.694e+00 
3.679e+06 7.817e+00 0.000e+00 9.409e-04 4.949e-01 7.056e+00 7.600e-01 
2.865e+06 7.248e+00 0.000e+00 1.012e-03 3.659e-01 7.188e+00 5.890e-02 
2.231e+06 5.875e+00 0.000e+00 6.123e-04 2.777e-01 5.874e+00 4.141e-05 
1.738e+06 5.375e+00 0.000e+00 4.031e-04 2.261e-01 5.375e+00 1.152e-05 
1.353e+06 4.945e+00 0.000e+00 2.947e-04 2.025e-01 4.944e+00 3.746e-06 
1.054e+06 5.310e+00 0.000e+00 6.716e-04 1.873e-01 5.310e+00 1.263e-06 
8.208e+05 5.480e+00 0.000e+00 1.349e-03 1.736e-01 5.479e+00 4.447e-07 
6.393e+05 5.072e+00 0.000e+00 9.900e-04 1.585e-01 5.071e+00 1.498e-07 
4.979e+05 5.002e+00 0.000e+00 7.618e-04 1.394e-01 5.001e+00 5.241e-08 
3.877e+05 8.005e+00 0.000e+00 4.563e-04 1.205e-01 8.004e+00 2.313e-08 
3.020e+05 7.666e+00 0.000e+00 3.622e-04 1.014e-01 7.665e+00 1.152e-08 
2.352e+05 8.283e+00 0.000e+00 3.105e-04 8.652e-02 8.283e+00 2.863e-09 
1.832e+05 8.995e+00 0.000e+00 1.080e-03 7.083e-02 8.994e+00 3.176e-10 
1.426e+05 1.021e+01 0.000e+00 4.579e-04 5.727e-02 1.021e+01 0.000e+00 
1.111e+05 1.004e+01 0.000e+00 2.104e-04 4.673e-02 1.004e+01 0.000e+00 
8.652e+04 1.572e+01 0.000e+00 8.916e-04 3.753e-02 1.572e+01 0.000e+00 
6.738e+04 1.041e+01 0.000e+00 1.415e-04 2.987e-02 1.041e+01 0.000e+00 
5.248e+04 1.060e+01 0.000e+00 6.089e-04 2.395e-02 1.060e+01 0.000e+00 
4.087e+04 1.078e+01 0.000e+00 1.058e-04 1.922e-02 1.078e+01 0.000e+00 
3.183e+04 1.092e+01 0.000e+00 9.315e-05 1.553e-02 1.092e+01 0.000e+00 
2.479e+04 1.104e+01 0.000e+00 8.215e-05 1.265e-02 1.104e+01 0.000e+00 
1.930e+04 1.112e+01 0.000e+00 7.252e-05 1.041e-02 1.112e+01 0.000e+00 
1.503e+04 1.119e+01 0.000e+00 6.405e-05 8.668e-03 1.119e+01 0.000e+00 
1.171e+04 1.125e+01 0.000e+00 5.657e-05 7.320e-03 1.125e+01 0.000e+00 
9.119e+03 1.129e+01 0.000e+00 5.001e-05 6.361e-03 1.129e+01 0.000e+00 
7.102e+03 1.132e+01 0.000e+00 4.423e-05 5.637e-03 1.132e+01 0.000e+00 
5.531e+03 1.134e+01 0.000e+00 3.914e-05 5.073e-03 1.134e+01 0.000e+00 
4.307e+03 1.136e+01 0.000e+00 3.467e-05 4.634e-03 1.136e+01 0.000e+00 
3.355e+03 1.138e+01 0.000e+00 3.075e-05 4.292e-03 1.138e+01 0.000e+00 
2.613e+03 1.139e+01 0.000e+00 2.730e-05 4.026e-03 1.139e+01 0.000e+00 
2.035e+03 1.140e+01 0.000e+00 2.429e-05 3.818e-03 1.140e+01 0.000e+00 
1.585e+03 1.141e+01 0.000e+00 2.166e-05 3.657e-03 1.141e+01 0.000e+00 
1.234e+03 1.141e+01 0.000e+00 1.936e-05 3.532e-03 1.141e+01 0.000e+00 
9.611e+02 1.142e+01 0.000e+00 1.737e-05 3.455e-03 1.142e+01 0.000e+00 
7.485e+02 1.142e+01 0.000e+00 1.565e-05 3.406e-03 1.142e+01 0.000e+00 
5.829e+02 1.142e+01 0.000e+00 1.417e-05 3.368e-03 1.142e+01 0.000e+00 
4.540e+02 1.143e+01 0.000e+00 1.292e-05 3.338e-03 1.143e+01 0.000e+00 
3.536e+02 1.143e+01 0.000e+00 1.187e-05 3.315e-03 1.143e+01 0.000e+00 
2.754e+02 1.143e+01 0.000e+00 1.100e-05 3.297e-03 1.143e+01 0.000e+00 
2.145e+02 1.143e+01 0.000e+00 1.031e-05 3.283e-03 1.143e+01 0.000e+00 
1.670e+02 1.143e+01 0.000e+00 9.784e-06 3.272e-03 1.143e+01 0.000e+00 
1.301e+02 1.143e+01 0.000e+00 9.402e-06 3.263e-03 1.143e+01 0.000e+00 
1.013e+02 1.143e+01 0.000e+00 9.171e-06 3.257e-03 1.143e+01 0.000e+00 
7.889e+01 1.143e+01 0.000e+00 9.081e-06 3.251e-03 1.143e+01 0.000e+00 
6.144e+01 1.143e+01 0.000e+00 9.132e-06 3.247e-03 1.143e+01 0.000e+00 
4.785e+01 1.143e+01 0.000e+00 9.325e-06 3.244e-03 1.143e+01 0.000e+00 
3.727e+01 1.143e+01 0.000e+00 9.667e-06 3.242e-03 1.143e+01 0.000e+00 
2.902e+01 1.143e+01 0.000e+00 1.016e-05 3.240e-03 1.143e+01 0.000e+00 
2.260e+01 1.143e+01 0.000e+00 1.082e-05 3.238e-03 1.143e+01 0.000e+00 
1.760e+01 1.143e+01 0.000e+00 1.164e-05 3.237e-03 1.143e+01 0.000e+00 
1.371e+01 1.143e+01 0.000e+00 1.266e-05 3.236e-03 1.143e+01 0.000e+00 
1.068e+01 1.143e+01 0.000e+00 1.384e-05 3.236e-03 1.143e+01 0.000e+00 
8.315e+00 1.143e+01 0.000e+00 1.526e-05 3.235e-03 1.143e+01 0.000e+00 
6.476e+00 1.143e+01 0.000e+00 1.695e-05 3.235e-03 1.143e+01 0.000e+00 
5.043e+00 1.143e+01 0.000e+00 1.884e-05 3.234e-03 1.143e+01 0.000e+00 
3.928e+00 1.143e+01 0.000e+00 2.104e-05 3.234e-03 1.143e+01 0.000e+00 
3.059e+00 1.143e+01 0.000e+00 2.362e-05 3.234e-03 1.143e+01 0.000e+00 
2.382e+00 1.143e+01 0.000e+00 2.659e-05 3.234e-03 1.143e+01 0.000e+00 
1.855e+00 1.143e+01 0.000e+00 2.896e-05 3.234e-03 1.143e+01 0.000e+00 
1.637e+00 1.143e+01 0.000e+00 3.074e-05 3.234e-03 1.143e+01 0.000e+00 
1.445e+00 1.143e+01 0.000e+00 3.266e-05 3.234e-03 1.143e+01 0.000e+00 
1.275e+00 1.143e+01 0.000e+00 3.470e-05 3.234e-03 1.143e+01 0.000e+00 
1.125e+00 1.143e+01 0.000e+00 3.688e-05 3.234e-03 1.143e+01 0.000e+00 
9.931e-01 1.143e+01 0.000e+00 3.912e-05 3.234e-03 1.143e+01 0.000e+00 
8.764e-01 1.143e+01 0.000e+00 4.159e-05 3.234e-03 1.143e+01 0.000e+00 
7.734e-01 1.143e+01 0.000e+00 4.416e-05 3.233e-03 1.143e+01 0.000e+00 
6.826e-01 1.143e+01 0.000e+00 4.695e-05 3.233e-03 1.143e+01 0.000e+00 
6.024e-01 1.143e+01 0.000e+00 5.011e-05 3.233e-03 1.143e+01 0.000e+00 
5.316e-01 1.143e+01 0.000e+00 5.314e-05 3.233e-03 1.143e+01 0.000e+00 
4.691e-01 1.143e+01 0.000e+00 5.646e-05 3.233e-03 1.143e+01 0.000e+00 
4.140e-01 1.143e+01 0.000e+00 5.910e-05 3.233e-03 1.143e+01 0.000e+00 
3.893e-01 1.143e+01 0.000e+00 6.103e-05 3.233e-03 1.143e+01 0.000e+00 
3.653e-01 1.143e+01 0.000e+00 6.297e-05 3.233e-03 1.143e+01 0.000e+00 
3.421e-01 1.143e+01 0.000e+00 6.506e-05 3.233e-03 1.143e+01 0.000e+00 
3.196e-01 1.143e+01 0.000e+00 6.731e-05 3.233e-03 1.143e+01 0.000e+00 
2.979e-01 1.143e+01 0.000e+00 6.975e-05 3.233e-03 1.143e+01 0.000e+00 
2.770e-01 1.143e+01 0.000e+00 7.242e-05 3.233e-03 1.143e+01 0.000e+00 
2.568e-01 1.143e+01 0.000e+00 7.529e-05 3.233e-03 1.143e+01 0.000e+00 
2.374e-01 1.143e+01 0.000e+00 7.828e-05 3.233e-03 1.143e+01 0.000e+00 
2.188e-01 1.144e+01 0.000e+00 8.160e-05 3.233e-03 1.144e+01 0.000e+00 
2.009e-01 1.144e+01 0.000e+00 8.526e-05 3.233e-03 1.144e+01 0.000e+00 
1.838e-01 1.144e+01 0.000e+00 8.916e-05 3.233e-03 1.144e+01 0.000e+00 
1.674e-01 1.144e+01 0.000e+00 9.344e-05 3.233e-03 1.144e+01 0.000e+00 
1.518e-01 1.144e+01 0.000e+00 9.823e-05 3.233e-03 1.144e+01 0.000e+00 
1.370e-01 1.144e+01 0.000e+00 1.036e-04 3.233e-03 1.144e+01 0.000e+00 
1.229e-01 1.145e+01 0.000e+00 1.095e-04 3.233e-03 1.145e+01 0.000e+00 
1.096e-01 1.145e+01 0.000e+00 1.162e-04 3.233e-03 1.145e+01 0.000e+00 
9.708e-02 1.145e+01 0.000e+00 1.237e-04 3.233e-03 1.145e+01 0.000e+00 
8.540e-02 1.145e+01 0.000e+00 1.321e-04 3.233e-03 1.145e+01 0.000e+00 
7.428e-02 1.145e+01 0.000e+00 1.420e-04 3.233e-03 1.145e+01 0.000e+00 
6.402e-02 1.145e+01 0.000e+00 1.534e-04 3.233e-03 1.145e+01 0.000e+00 
5.452e-02 1.145e+01 0.000e+00 1.668e-04 3.233e-03 1.145e+01 0.000e+00 
4.578e-02 1.146e+01 0.000e+00 1.826e-04 3.233e-03 1.146e+01 0.000e+00 
3.781e-02 1.146e+01 0.000e+00 2.018e-04 3.233e-03 1.146e+01 0.000e+00 
3.060e-02 1.146e+01 0.000e+00 2.256e-04 3.233e-03 1.146e+01 0.000e+00 
2.415e-02 1.146e+01 0.000e+00 2.557e-04 3.233e-03 1.146e+01 0.000e+00 
1.847e-02 1.148e+01 0.000e+00 2.948e-04 3.233e-03 1.148e+01 0.000e+00 
1.354e-02 1.150e+01 0.000e+00 3.481e-04 3.233e-03 1.150e+01 0.000e+00 
9.380e-03 1.153e+01 0.000e+00 4.250e-04 3.233e-03 1.153e+01 0.000e+00 
5.980e-03 1.159e+01 0.000e+00 5.447e-04 3.233e-03 1.159e+01 0.000e+00 
3.342e-03 1.174e+01 0.000e+00 7.558e-04 3.233e-03 1.174e+01 0.000e+00 
1.466e-03 1.223e+01 0.000e+00 1.216e-03 3.233e-03 1.223e+01 0.000e+00 
3.524e-04 1.512e+01 0.000e+00 2.635e-03 3.233e-03 1.512e+01 0.000e+00 
1.000e-05 1.512e+01 0.000e+00 2.635e-03 3.233e-03 1.512e+01 0.000e+00 
############################################################
############################################################
#
# Nuclide : Bi209
#
#
# 1D-data stored in GroupDataSet
#
#E_up     total     (n,2n)    capture   mu        elastic   inelastic 
1.000e+07 5.395e+00 4.164e-01 7.229e-04 7.215e-01 3.010e+00 1.968e+00 
7.788e+06 6.091e+00 2.075e-03 5.919e-04 7.562e-01 3.513e+00 2.575e+00 
6.065e+06 7.168e+00 0.000e+00 1.045e-03 7.711e-01 4.551e+00 2.616e+00 
4.724e+06 7.800e+00 0.000e+00 1.947e-03 7.453e-01 5.775e+00 2.023e+00 
3.679e+06 7.904e+00 0.000e+00 3.223e-03 6.476e-01 6.419e+00 1.482e+00 
2.865e+06 7.313e+00 0.000e+00 3.521e-03 4.093e-01 6.370e+00 9.394e-01 
2.231e+06 6.232e+00 0.000e+00 2.804e-03 2.891e-01 5.589e+00 6.407e-01 
1.738e+06 5.338e+00 0.000e+00 2.433e-03 2.224e-01 5.034e+00 3.014e-01 
1.353e+06 5.013e+00 0.000e+00 2.034e-03 2.066e-01 4.844e+00 1.661e-01 
1.054e+06 5.018e+00 0.000e+00 1.729e-03 1.970e-01 4.976e+00 4.095e-02 
8.208e+05 5.435e+00 0.000e+00 1.563e-03 1.883e-01 5.433e+00 0.000e+00 
6.393e+05 6.089e+00 0.000e+00 1.460e-03 1.753e-01 6.087e+00 0.000e+00 
4.979e+05 6.791e+00 0.000e+00 1.453e-03 1.560e-01 6.790e+00 0.000e+00 
3.877e+05 7.377e+00 0.000e+00 1.506e-03 1.339e-01 7.376e+00 0.000e+00 
3.020e+05 7.482e+00 0.000e+00 1.616e-03 1.120e-01 7.480e+00 0.000e+00 
2.352e+05 8.229e+00 0.000e+00 1.686e-03 9.094e-02 8.227e+00 0.000e+00 
1.832e+05 8.146e+00 0.000e+00 1.316e-03 7.165e-02 8.144e+00 0.000e+00 
1.426e+05 9.260e+00 0.000e+00 1.041e-03 5.640e-02 9.259e+00 0.000e+00 
1.111e+05 9.384e+00 0.000e+00 1.062e-03 4.441e-02 9.383e+00 0.000e+00 
8.652e+04 1.037e+01 0.000e+00 1.231e-03 3.435e-02 1.037e+01 0.000e+00 
6.738e+04 9.903e+00 0.000e+00 1.444e-03 2.662e-02 9.901e+00 0.000e+00 
5.248e+04 1.080e+01 0.000e+00 1.792e-03 2.082e-02 1.079e+01 0.000e+00 
4.087e+04 1.227e+01 0.000e+00 2.223e-03 1.629e-02 1.227e+01 0.000e+00 
3.183e+04 1.078e+01 0.000e+00 2.742e-03 1.291e-02 1.078e+01 0.000e+00 
2.479e+04 1.128e+01 0.000e+00 2.529e-03 1.044e-02 1.128e+01 0.000e+00 
1.930e+04 1.581e+01 0.000e+00 8.232e-03 8.509e-03 1.580e+01 0.000e+00 
1.503e+04 2.249e+01 0.000e+00 5.329e-03 7.042e-03 2.249e+01 0.000e+00 
1.171e+04 7.746e+00 0.000e+00 1.111e-02 6.130e-03 7.734e+00 0.000e+00 
9.119e+03 9.441e+00 0.000e+00 2.724e-03 5.474e-03 9.439e+00 0.000e+00 
7.102e+03 1.026e+01 0.000e+00 6.203e-03 4.975e-03 1.026e+01 0.000e+00 
5.531e+03 1.203e+01 0.000e+00 3.165e-02 4.600e-03 1.199e+01 0.000e+00 
4.307e+03 1.050e+01 0.000e+00 1.319e-04 4.283e-03 1.050e+01 0.000e+00 
3.355e+03 1.179e+01 0.000e+00 1.224e-02 4.046e-03 1.178e+01 0.000e+00 
2.613e+03 3.363e+01 0.000e+00 3.619e-02 3.874e-03 3.359e+01 0.000e+00 
2.035e+03 9.026e+00 0.000e+00 3.830e-04 3.720e-03 9.026e+00 0.000e+00 
1.585e+03 1.005e+01 0.000e+00 2.763e-04 3.610e-03 1.005e+01 0.000e+00 
1.234e+03 1.129e+01 0.000e+00 9.488e-04 3.522e-03 1.129e+01 0.000e+00 
9.611e+02 7.093e+01 0.000e+00 4.589e-01 3.446e-03 7.047e+01 0.000e+00 
7.485e+02 6.695e+00 0.000e+00 5.742e-03 3.401e-03 6.689e+00 0.000e+00 
5.829e+02 8.276e+00 0.000e+00 1.119e-03 3.362e-03 8.274e+00 0.000e+00 
4.540e+02 8.719e+00 0.000e+00 6.704e-04 3.330e-03 8.719e+00 0.000e+00 
3.536e+02 8.935e+00 0.000e+00 5.366e-04 3.305e-03 8.934e+00 0.000e+00 
2.754e+02 9.058e+00 0.000e+00 4.914e-04 3.286e-03 9.057e+00 0.000e+00 
2.145e+02 9.144e+00 0.000e+00 4.857e-04 3.271e-03 9.143e+00 0.000e+00 
1.670e+02 9.195e+00 0.000e+00 5.036e-04 3.259e-03 9.194e+00 0.000e+00 
1.301e+02 9.233e+00 0.000e+00 5.392e-04 3.250e-03 9.233e+00 0.000e+00 
1.013e+02 9.264e+00 0.000e+00 5.891e-04 3.243e-03 9.263e+00 0.000e+00 
7.889e+01 9.287e+00 0.000e+00 6.532e-04 3.237e-03 9.286e+00 0.000e+00 
6.144e+01 9.306e+00 0.000e+00 7.316e-04 3.233e-03 9.305e+00 0.000e+00 
4.785e+01 9.320e+00 0.000e+00 8.245e-04 3.230e-03 9.319e+00 0.000e+00 
3.727e+01 9.331e+00 0.000e+00 9.327e-04 3.227e-03 9.330e+00 0.000e+00 
2.902e+01 9.340e+00 0.000e+00 1.057e-03 3.225e-03 9.339e+00 0.000e+00 
2.260e+01 9.347e+00 0.000e+00 1.200e-03 3.223e-03 9.345e+00 0.000e+00 
1.760e+01 9.352e+00 0.000e+00 1.363e-03 3.222e-03 9.351e+00 0.000e+00 
1.371e+01 9.356e+00 0.000e+00 1.548e-03 3.221e-03 9.355e+00 0.000e+00 
1.068e+01 9.360e+00 0.000e+00 1.758e-03 3.220e-03 9.358e+00 0.000e+00 
8.315e+00 9.362e+00 0.000e+00 1.996e-03 3.220e-03 9.360e+00 0.000e+00 
6.476e+00 9.365e+00 0.000e+00 2.265e-03 3.219e-03 9.362e+00 0.000e+00 
5.043e+00 9.366e+00 0.000e+00 2.569e-03 3.219e-03 9.364e+00 0.000e+00 
3.928e+00 9.368e+00 0.000e+00 2.914e-03 3.219e-03 9.365e+00 0.000e+00 
3.059e+00 9.369e+00 0.000e+00 3.306e-03 3.219e-03 9.366e+00 0.000e+00 
2.382e+00 9.370e+00 0.000e+00 3.749e-03 3.218e-03 9.367e+00 0.000e+00 
1.855e+00 9.371e+00 0.000e+00 4.117e-03 3.218e-03 9.367e+00 0.000e+00 
1.637e+00 9.372e+00 0.000e+00 4.384e-03 3.218e-03 9.367e+00 0.000e+00 
1.445e+00 9.372e+00 0.000e+00 4.667e-03 3.218e-03 9.368e+00 0.000e+00 
1.275e+00 9.373e+00 0.000e+00 4.968e-03 3.218e-03 9.368e+00 0.000e+00 
1.125e+00 9.373e+00 0.000e+00 5.290e-03 3.218e-03 9.368e+00 0.000e+00 
9.931e-01 9.374e+00 0.000e+00 5.632e-03 3.218e-03 9.368e+00 0.000e+00 
8.764e-01 9.374e+00 0.000e+00 5.998e-03 3.218e-03 9.368e+00 0.000e+00 
7.734e-01 9.375e+00 0.000e+00 6.385e-03 3.218e-03 9.368e+00 0.000e+00 
6.826e-01 9.375e+00 0.000e+00 6.798e-03 3.218e-03 9.369e+00 0.000e+00 
6.024e-01 9.376e+00 0.000e+00 7.238e-03 3.218e-03 9.369e+00 0.000e+00 
5.316e-01 9.376e+00 0.000e+00 7.705e-03 3.218e-03 9.369e+00 0.000e+00 
4.691e-01 9.377e+00 0.000e+00 8.201e-03 3.218e-03 9.369e+00 0.000e+00 
4.140e-01 9.377e+00 0.000e+00 8.592e-03 3.218e-03 9.369e+00 0.000e+00 
3.893e-01 9.378e+00 0.000e+00 8.865e-03 3.218e-03 9.369e+00 0.000e+00 
3.653e-01 9.378e+00 0.000e+00 9.154e-03 3.218e-03 9.369e+00 0.000e+00 
3.421e-01 9.378e+00 0.000e+00 9.464e-03 3.218e-03 9.369e+00 0.000e+00 
3.196e-01 9.379e+00 0.000e+00 9.798e-03 3.218e-03 9.369e+00 0.000e+00 
2.979e-01 9.379e+00 0.000e+00 1.016e-02 3.218e-03 9.369e+00 0.000e+00 
2.770e-01 9.380e+00 0.000e+00 1.054e-02 3.218e-03 9.369e+00 0.000e+00 
2.568e-01 9.380e+00 0.000e+00 1.095e-02 3.218e-03 9.369e+00 0.000e+00 
2.374e-01 9.381e+00 0.000e+00 1.140e-02 3.218e-03 9.370e+00 0.000e+00 
2.188e-01 9.383e+00 0.000e+00 1.189e-02 3.218e-03 9.371e+00 0.000e+00 
2.009e-01 9.385e+00 0.000e+00 1.242e-02 3.218e-03 9.373e+00 0.000e+00 
1.838e-01 9.388e+00 0.000e+00 1.300e-02 3.218e-03 9.375e+00 0.000e+00 
1.674e-01 9.390e+00 0.000e+00 1.363e-02 3.218e-03 9.376e+00 0.000e+00 
1.518e-01 9.392e+00 0.000e+00 1.434e-02 3.218e-03 9.377e+00 0.000e+00 
1.370e-01 9.394e+00 0.000e+00 1.511e-02 3.218e-03 9.379e+00 0.000e+00 
1.229e-01 9.396e+00 0.000e+00 1.598e-02 3.218e-03 9.380e+00 0.000e+00 
1.096e-01 9.398e+00 0.000e+00 1.696e-02 3.218e-03 9.381e+00 0.000e+00 
9.708e-02 9.400e+00 0.000e+00 1.805e-02 3.218e-03 9.382e+00 0.000e+00 
8.540e-02 9.403e+00 0.000e+00 1.929e-02 3.218e-03 9.383e+00 0.000e+00 
7.428e-02 9.405e+00 0.000e+00 2.074e-02 3.218e-03 9.385e+00 0.000e+00 
6.402e-02 9.408e+00 0.000e+00 2.241e-02 3.218e-03 9.386e+00 0.000e+00 
5.452e-02 9.411e+00 0.000e+00 2.437e-02 3.218e-03 9.387e+00 0.000e+00 
4.578e-02 9.414e+00 0.000e+00 2.668e-02 3.218e-03 9.388e+00 0.000e+00 
3.781e-02 9.418e+00 0.000e+00 2.950e-02 3.218e-03 9.389e+00 0.000e+00 
3.060e-02 9.423e+00 0.000e+00 3.297e-02 3.218e-03 9.390e+00 0.000e+00 
2.415e-02 9.433e+00 0.000e+00 3.736e-02 3.218e-03 9.395e+00 0.000e+00 
1.847e-02 9.453e+00 0.000e+00 4.310e-02 3.218e-03 9.410e+00 0.000e+00 
1.354e-02 9.477e+00 0.000e+00 5.091e-02 3.218e-03 9.427e+00 0.000e+00 
9.380e-03 9.510e+00 0.000e+00 6.215e-02 3.218e-03 9.448e+00 0.000e+00 
5.980e-03 9.579e+00 0.000e+00 7.965e-02 3.218e-03 9.500e+00 0.000e+00 
3.342e-03 9.728e+00 0.000e+00 1.105e-01 3.218e-03 9.618e+00 0.000e+00 
1.466e-03 1.020e+01 0.000e+00 1.778e-01 3.218e-03 1.002e+01 0.000e+00 
3.524e-04 1.276e+01 0.000e+00 3.854e-01 3.218e-03 1.238e+01 0.000e+00 
1.000e-05 1.276e+01 0.000e+00 3.854e-01 3.218e-03 1.238e+01 0.000e+00 
############################################################
