1.000e+07 5.270e+00 4.900e-01 1.393e-03 7.510e-01 2.673e+00 2.106e+00 
7.788e+06 6.009e+00 4.981e-03 6.332e-04 7.738e-01 3.451e+00 2.552e+00 
6.065e+06 7.197e+00 0.000e+00 4.380e-04 7.527e-01 4.737e+00 2.460e+00 
4.724e+06 7.682e+00 0.000e+00 6.314e-04 6.313e-01 5.987e+00 1.694e+00 
3.679e+06 7.817e+00 0.000e+00 9.409e-04 4.949e-01 7.056e+00 7.600e-01 
2.865e+06 7.248e+00 0.000e+00 1.012e-03 3.659e-01 7.188e+00 5.890e-02 
2.231e+06 5.875e+00 0.000e+00 6.123e-04 2.777e-01 5.874e+00 4.141e-05 
1.738e+06 5.375e+00 0.000e+00 4.031e-04 2.261e-01 5.375e+00 1.152e-05 
1.353e+06 4.945e+00 0.000e+00 2.947e-04 2.025e-01 4.944e+00 3.746e-06 
1.054e+06 5.310e+00 0.000e+00 6.716e-04 1.873e-01 5.310e+00 1.263e-06 
8.208e+05 5.480e+00 0.000e+00 1.349e-03 1.736e-01 5.479e+00 4.447e-07 
6.393e+05 5.072e+00 0.000e+00 9.900e-04 1.585e-01 5.071e+00 1.498e-07 
4.979e+05 5.002e+00 0.000e+00 7.618e-04 1.394e-01 5.001e+00 5.241e-08 
3.877e+05 8.005e+00 0.000e+00 4.563e-04 1.205e-01 8.004e+00 2.313e-08 
3.020e+05 7.666e+00 0.000e+00 3.622e-04 1.014e-01 7.665e+00 1.152e-08 
2.352e+05 8.283e+00 0.000e+00 3.105e-04 8.652e-02 8.283e+00 2.863e-09 
1.832e+05 8.995e+00 0.000e+00 1.080e-03 7.083e-02 8.994e+00 3.176e-10 
1.426e+05 1.021e+01 0.000e+00 4.579e-04 5.727e-02 1.021e+01 0.000e+00 
1.111e+05 1.004e+01 0.000e+00 2.104e-04 4.673e-02 1.004e+01 0.000e+00 
8.652e+04 1.572e+01 0.000e+00 8.916e-04 3.753e-02 1.572e+01 0.000e+00 
6.738e+04 1.041e+01 0.000e+00 1.415e-04 2.987e-02 1.041e+01 0.000e+00 
5.248e+04 1.060e+01 0.000e+00 6.089e-04 2.395e-02 1.060e+01 0.000e+00 
4.087e+04 1.078e+01 0.000e+00 1.058e-04 1.922e-02 1.078e+01 0.000e+00 
3.183e+04 1.092e+01 0.000e+00 9.315e-05 1.553e-02 1.092e+01 0.000e+00 
2.479e+04 1.104e+01 0.000e+00 8.215e-05 1.265e-02 1.104e+01 0.000e+00 
1.930e+04 1.112e+01 0.000e+00 7.252e-05 1.041e-02 1.112e+01 0.000e+00 
1.503e+04 1.119e+01 0.000e+00 6.405e-05 8.668e-03 1.119e+01 0.000e+00 
1.171e+04 1.125e+01 0.000e+00 5.657e-05 7.320e-03 1.125e+01 0.000e+00 
9.119e+03 1.129e+01 0.000e+00 5.001e-05 6.361e-03 1.129e+01 0.000e+00 
7.102e+03 1.132e+01 0.000e+00 4.423e-05 5.637e-03 1.132e+01 0.000e+00 
5.531e+03 1.134e+01 0.000e+00 3.914e-05 5.073e-03 1.134e+01 0.000e+00 
4.307e+03 1.136e+01 0.000e+00 3.467e-05 4.634e-03 1.136e+01 0.000e+00 
3.355e+03 1.138e+01 0.000e+00 3.075e-05 4.292e-03 1.138e+01 0.000e+00 
2.613e+03 1.139e+01 0.000e+00 2.730e-05 4.026e-03 1.139e+01 0.000e+00 
2.035e+03 1.140e+01 0.000e+00 2.429e-05 3.818e-03 1.140e+01 0.000e+00 
1.585e+03 1.141e+01 0.000e+00 2.166e-05 3.657e-03 1.141e+01 0.000e+00 
1.234e+03 1.141e+01 0.000e+00 1.936e-05 3.532e-03 1.141e+01 0.000e+00 
9.611e+02 1.142e+01 0.000e+00 1.737e-05 3.455e-03 1.142e+01 0.000e+00 
7.485e+02 1.142e+01 0.000e+00 1.565e-05 3.406e-03 1.142e+01 0.000e+00 
5.829e+02 1.142e+01 0.000e+00 1.417e-05 3.368e-03 1.142e+01 0.000e+00 
4.540e+02 1.143e+01 0.000e+00 1.292e-05 3.338e-03 1.143e+01 0.000e+00 
3.536e+02 1.143e+01 0.000e+00 1.187e-05 3.315e-03 1.143e+01 0.000e+00 
2.754e+02 1.143e+01 0.000e+00 1.100e-05 3.297e-03 1.143e+01 0.000e+00 
2.145e+02 1.143e+01 0.000e+00 1.031e-05 3.283e-03 1.143e+01 0.000e+00 
1.670e+02 1.143e+01 0.000e+00 9.784e-06 3.272e-03 1.143e+01 0.000e+00 
1.301e+02 1.143e+01 0.000e+00 9.402e-06 3.263e-03 1.143e+01 0.000e+00 
1.013e+02 1.143e+01 0.000e+00 9.171e-06 3.257e-03 1.143e+01 0.000e+00 
7.889e+01 1.143e+01 0.000e+00 9.081e-06 3.251e-03 1.143e+01 0.000e+00 
6.144e+01 1.143e+01 0.000e+00 9.132e-06 3.247e-03 1.143e+01 0.000e+00 
4.785e+01 1.143e+01 0.000e+00 9.325e-06 3.244e-03 1.143e+01 0.000e+00 
3.727e+01 1.143e+01 0.000e+00 9.667e-06 3.242e-03 1.143e+01 0.000e+00 
2.902e+01 1.143e+01 0.000e+00 1.016e-05 3.240e-03 1.143e+01 0.000e+00 
2.260e+01 1.143e+01 0.000e+00 1.082e-05 3.238e-03 1.143e+01 0.000e+00 
1.760e+01 1.143e+01 0.000e+00 1.164e-05 3.237e-03 1.143e+01 0.000e+00 
1.371e+01 1.143e+01 0.000e+00 1.266e-05 3.236e-03 1.143e+01 0.000e+00 
1.068e+01 1.143e+01 0.000e+00 1.384e-05 3.236e-03 1.143e+01 0.000e+00 
8.315e+00 1.143e+01 0.000e+00 1.526e-05 3.235e-03 1.143e+01 0.000e+00 
6.476e+00 1.143e+01 0.000e+00 1.695e-05 3.235e-03 1.143e+01 0.000e+00 
5.043e+00 1.143e+01 0.000e+00 1.884e-05 3.234e-03 1.143e+01 0.000e+00 
3.928e+00 1.143e+01 0.000e+00 2.104e-05 3.234e-03 1.143e+01 0.000e+00 
3.059e+00 1.143e+01 0.000e+00 2.362e-05 3.234e-03 1.143e+01 0.000e+00 
2.382e+00 1.143e+01 0.000e+00 2.659e-05 3.234e-03 1.143e+01 0.000e+00 
1.855e+00 1.143e+01 0.000e+00 2.896e-05 3.234e-03 1.143e+01 0.000e+00 
1.637e+00 1.143e+01 0.000e+00 3.074e-05 3.234e-03 1.143e+01 0.000e+00 
1.445e+00 1.143e+01 0.000e+00 3.266e-05 3.234e-03 1.143e+01 0.000e+00 
1.275e+00 1.143e+01 0.000e+00 3.470e-05 3.234e-03 1.143e+01 0.000e+00 
1.125e+00 1.143e+01 0.000e+00 3.688e-05 3.234e-03 1.143e+01 0.000e+00 
9.931e-01 1.143e+01 0.000e+00 3.912e-05 3.234e-03 1.143e+01 0.000e+00 
8.764e-01 1.143e+01 0.000e+00 4.159e-05 3.234e-03 1.143e+01 0.000e+00 
7.734e-01 1.143e+01 0.000e+00 4.416e-05 3.233e-03 1.143e+01 0.000e+00 
6.826e-01 1.143e+01 0.000e+00 4.695e-05 3.233e-03 1.143e+01 0.000e+00 
6.024e-01 1.143e+01 0.000e+00 5.011e-05 3.233e-03 1.143e+01 0.000e+00 
5.316e-01 1.143e+01 0.000e+00 5.314e-05 3.233e-03 1.143e+01 0.000e+00 
4.691e-01 1.143e+01 0.000e+00 5.646e-05 3.233e-03 1.143e+01 0.000e+00 
4.140e-01 1.143e+01 0.000e+00 5.910e-05 3.233e-03 1.143e+01 0.000e+00 
3.893e-01 1.143e+01 0.000e+00 6.103e-05 3.233e-03 1.143e+01 0.000e+00 
3.653e-01 1.143e+01 0.000e+00 6.297e-05 3.233e-03 1.143e+01 0.000e+00 
3.421e-01 1.143e+01 0.000e+00 6.506e-05 3.233e-03 1.143e+01 0.000e+00 
3.196e-01 1.143e+01 0.000e+00 6.731e-05 3.233e-03 1.143e+01 0.000e+00 
2.979e-01 1.143e+01 0.000e+00 6.975e-05 3.233e-03 1.143e+01 0.000e+00 
2.770e-01 1.143e+01 0.000e+00 7.242e-05 3.233e-03 1.143e+01 0.000e+00 
2.568e-01 1.143e+01 0.000e+00 7.529e-05 3.233e-03 1.143e+01 0.000e+00 
2.374e-01 1.143e+01 0.000e+00 7.828e-05 3.233e-03 1.143e+01 0.000e+00 
2.188e-01 1.144e+01 0.000e+00 8.160e-05 3.233e-03 1.144e+01 0.000e+00 
2.009e-01 1.144e+01 0.000e+00 8.526e-05 3.233e-03 1.144e+01 0.000e+00 
1.838e-01 1.144e+01 0.000e+00 8.916e-05 3.233e-03 1.144e+01 0.000e+00 
1.674e-01 1.144e+01 0.000e+00 9.344e-05 3.233e-03 1.144e+01 0.000e+00 
1.518e-01 1.144e+01 0.000e+00 9.823e-05 3.233e-03 1.144e+01 0.000e+00 
1.370e-01 1.144e+01 0.000e+00 1.036e-04 3.233e-03 1.144e+01 0.000e+00 
1.229e-01 1.145e+01 0.000e+00 1.095e-04 3.233e-03 1.145e+01 0.000e+00 
1.096e-01 1.145e+01 0.000e+00 1.162e-04 3.233e-03 1.145e+01 0.000e+00 
9.708e-02 1.145e+01 0.000e+00 1.237e-04 3.233e-03 1.145e+01 0.000e+00 
8.540e-02 1.145e+01 0.000e+00 1.321e-04 3.233e-03 1.145e+01 0.000e+00 
7.428e-02 1.145e+01 0.000e+00 1.420e-04 3.233e-03 1.145e+01 0.000e+00 
6.402e-02 1.145e+01 0.000e+00 1.534e-04 3.233e-03 1.145e+01 0.000e+00 
5.452e-02 1.145e+01 0.000e+00 1.668e-04 3.233e-03 1.145e+01 0.000e+00 
4.578e-02 1.146e+01 0.000e+00 1.826e-04 3.233e-03 1.146e+01 0.000e+00 
3.781e-02 1.146e+01 0.000e+00 2.018e-04 3.233e-03 1.146e+01 0.000e+00 
3.060e-02 1.146e+01 0.000e+00 2.256e-04 3.233e-03 1.146e+01 0.000e+00 
2.415e-02 1.146e+01 0.000e+00 2.557e-04 3.233e-03 1.146e+01 0.000e+00 
1.847e-02 1.148e+01 0.000e+00 2.948e-04 3.233e-03 1.148e+01 0.000e+00 
1.354e-02 1.150e+01 0.000e+00 3.481e-04 3.233e-03 1.150e+01 0.000e+00 
9.380e-03 1.153e+01 0.000e+00 4.250e-04 3.233e-03 1.153e+01 0.000e+00 
5.980e-03 1.159e+01 0.000e+00 5.447e-04 3.233e-03 1.159e+01 0.000e+00 
3.342e-03 1.174e+01 0.000e+00 7.558e-04 3.233e-03 1.174e+01 0.000e+00 
1.466e-03 1.223e+01 0.000e+00 1.216e-03 3.233e-03 1.223e+01 0.000e+00 
3.524e-04 1.512e+01 0.000e+00 2.635e-03 3.233e-03 1.512e+01 0.000e+00 
1.000e-05 1.512e+01 0.000e+00 2.635e-03 3.233e-03 1.512e+01 0.000e+00 
