1.000e+07 5.205e+00 7.476e-01 1.710e-03 7.392e-01 2.678e+00 1.778e+00 
7.788e+06 5.941e+00 4.097e-02 1.928e-03 7.674e-01 3.423e+00 2.475e+00 
6.065e+06 7.156e+00 0.000e+00 2.669e-03 7.683e-01 4.603e+00 2.550e+00 
4.724e+06 7.731e+00 0.000e+00 3.490e-03 7.144e-01 5.368e+00 2.360e+00 
3.679e+06 7.807e+00 0.000e+00 3.640e-03 6.082e-01 5.816e+00 1.988e+00 
2.865e+06 7.226e+00 0.000e+00 3.204e-03 4.762e-01 5.667e+00 1.556e+00 
2.231e+06 6.104e+00 0.000e+00 2.361e-03 3.624e-01 4.883e+00 1.219e+00 
1.738e+06 5.361e+00 0.000e+00 2.079e-03 2.894e-01 4.408e+00 9.511e-01 
1.353e+06 5.245e+00 0.000e+00 1.758e-03 2.459e-01 4.528e+00 7.154e-01 
1.054e+06 5.031e+00 0.000e+00 1.768e-03 2.094e-01 4.580e+00 4.498e-01 
8.208e+05 5.535e+00 0.000e+00 2.246e-03 1.817e-01 5.282e+00 2.503e-01 
6.393e+05 6.267e+00 0.000e+00 2.911e-03 1.582e-01 6.221e+00 4.298e-02 
4.979e+05 5.015e+00 0.000e+00 2.868e-03 1.395e-01 5.012e+00 1.942e-06 
3.877e+05 7.435e+00 0.000e+00 4.506e-03 1.217e-01 7.431e+00 7.048e-07 
3.020e+05 8.291e+00 0.000e+00 4.197e-03 1.043e-01 8.286e+00 2.439e-07 
2.352e+05 7.973e+00 0.000e+00 2.217e-03 8.807e-02 7.970e+00 7.693e-08 
1.832e+05 9.012e+00 0.000e+00 8.566e-03 7.215e-02 9.003e+00 1.213e-08 
1.426e+05 1.101e+01 0.000e+00 5.130e-03 5.871e-02 1.100e+01 0.000e+00 
1.111e+05 1.059e+01 0.000e+00 3.224e-03 4.817e-02 1.058e+01 0.000e+00 
8.652e+04 1.076e+01 0.000e+00 2.020e-03 3.865e-02 1.076e+01 0.000e+00 
6.738e+04 1.148e+01 0.000e+00 2.633e-04 3.097e-02 1.148e+01 0.000e+00 
5.248e+04 1.958e+01 0.000e+00 1.921e-02 2.433e-02 1.956e+01 0.000e+00 
4.087e+04 7.341e+00 0.000e+00 1.784e-02 1.990e-02 7.323e+00 0.000e+00 
3.183e+04 9.740e+00 0.000e+00 9.112e-03 1.617e-02 9.730e+00 0.000e+00 
2.479e+04 1.005e+01 0.000e+00 4.985e-04 1.317e-02 1.005e+01 0.000e+00 
1.930e+04 1.161e+01 0.000e+00 2.163e-02 1.082e-02 1.158e+01 0.000e+00 
1.503e+04 1.078e+01 0.000e+00 3.125e-02 9.020e-03 1.074e+01 0.000e+00 
1.171e+04 1.099e+01 0.000e+00 2.434e-02 7.614e-03 1.097e+01 0.000e+00 
9.119e+03 1.100e+01 0.000e+00 8.341e-04 6.597e-03 1.100e+01 0.000e+00 
7.102e+03 1.110e+01 0.000e+00 9.896e-04 5.824e-03 1.110e+01 0.000e+00 
5.531e+03 1.119e+01 0.000e+00 1.172e-03 5.222e-03 1.119e+01 0.000e+00 
4.307e+03 1.125e+01 0.000e+00 1.390e-03 4.753e-03 1.125e+01 0.000e+00 
3.355e+03 1.154e+01 0.000e+00 1.398e-01 4.388e-03 1.140e+01 0.000e+00 
2.613e+03 1.134e+01 0.000e+00 1.876e-03 4.103e-03 1.134e+01 0.000e+00 
2.035e+03 1.137e+01 0.000e+00 2.163e-03 3.881e-03 1.137e+01 0.000e+00 
1.585e+03 1.140e+01 0.000e+00 2.489e-03 3.708e-03 1.139e+01 0.000e+00 
1.234e+03 1.142e+01 0.000e+00 2.856e-03 3.574e-03 1.141e+01 0.000e+00 
9.611e+02 1.143e+01 0.000e+00 3.269e-03 3.491e-03 1.143e+01 0.000e+00 
7.485e+02 1.145e+01 0.000e+00 3.734e-03 3.438e-03 1.144e+01 0.000e+00 
5.829e+02 1.145e+01 0.000e+00 4.258e-03 3.396e-03 1.145e+01 0.000e+00 
4.540e+02 1.146e+01 0.000e+00 4.848e-03 3.363e-03 1.146e+01 0.000e+00 
3.536e+02 1.147e+01 0.000e+00 5.516e-03 3.338e-03 1.146e+01 0.000e+00 
2.754e+02 1.147e+01 0.000e+00 6.268e-03 3.318e-03 1.147e+01 0.000e+00 
2.145e+02 1.148e+01 0.000e+00 7.118e-03 3.303e-03 1.147e+01 0.000e+00 
1.670e+02 1.148e+01 0.000e+00 8.081e-03 3.291e-03 1.147e+01 0.000e+00 
1.301e+02 1.148e+01 0.000e+00 9.172e-03 3.282e-03 1.148e+01 0.000e+00 
1.013e+02 1.149e+01 0.000e+00 1.040e-02 3.274e-03 1.148e+01 0.000e+00 
7.889e+01 1.149e+01 0.000e+00 1.180e-02 3.269e-03 1.148e+01 0.000e+00 
6.144e+01 1.149e+01 0.000e+00 1.338e-02 3.264e-03 1.148e+01 0.000e+00 
4.785e+01 1.150e+01 0.000e+00 1.517e-02 3.261e-03 1.148e+01 0.000e+00 
3.727e+01 1.150e+01 0.000e+00 1.720e-02 3.258e-03 1.148e+01 0.000e+00 
2.902e+01 1.150e+01 0.000e+00 1.949e-02 3.256e-03 1.148e+01 0.000e+00 
2.260e+01 1.150e+01 0.000e+00 2.210e-02 3.255e-03 1.148e+01 0.000e+00 
1.760e+01 1.151e+01 0.000e+00 2.505e-02 3.253e-03 1.148e+01 0.000e+00 
1.371e+01 1.151e+01 0.000e+00 2.838e-02 3.252e-03 1.148e+01 0.000e+00 
1.068e+01 1.151e+01 0.000e+00 3.216e-02 3.252e-03 1.148e+01 0.000e+00 
8.315e+00 1.152e+01 0.000e+00 3.646e-02 3.251e-03 1.148e+01 0.000e+00 
6.476e+00 1.152e+01 0.000e+00 4.130e-02 3.251e-03 1.148e+01 0.000e+00 
5.043e+00 1.153e+01 0.000e+00 4.680e-02 3.250e-03 1.148e+01 0.000e+00 
3.928e+00 1.154e+01 0.000e+00 5.304e-02 3.250e-03 1.148e+01 0.000e+00 
3.059e+00 1.154e+01 0.000e+00 6.011e-02 3.250e-03 1.148e+01 0.000e+00 
2.382e+00 1.155e+01 0.000e+00 6.812e-02 3.250e-03 1.148e+01 0.000e+00 
1.855e+00 1.156e+01 0.000e+00 7.476e-02 3.249e-03 1.148e+01 0.000e+00 
1.637e+00 1.156e+01 0.000e+00 7.959e-02 3.249e-03 1.148e+01 0.000e+00 
1.445e+00 1.157e+01 0.000e+00 8.470e-02 3.249e-03 1.148e+01 0.000e+00 
1.275e+00 1.157e+01 0.000e+00 9.019e-02 3.249e-03 1.148e+01 0.000e+00 
1.125e+00 1.158e+01 0.000e+00 9.602e-02 3.249e-03 1.148e+01 0.000e+00 
9.931e-01 1.159e+01 0.000e+00 1.022e-01 3.249e-03 1.148e+01 0.000e+00 
8.764e-01 1.159e+01 0.000e+00 1.088e-01 3.249e-03 1.148e+01 0.000e+00 
7.734e-01 1.160e+01 0.000e+00 1.158e-01 3.249e-03 1.148e+01 0.000e+00 
6.826e-01 1.161e+01 0.000e+00 1.233e-01 3.249e-03 1.148e+01 0.000e+00 
6.024e-01 1.161e+01 0.000e+00 1.313e-01 3.249e-03 1.148e+01 0.000e+00 
5.316e-01 1.162e+01 0.000e+00 1.398e-01 3.249e-03 1.148e+01 0.000e+00 
4.691e-01 1.163e+01 0.000e+00 1.487e-01 3.249e-03 1.148e+01 0.000e+00 
4.140e-01 1.164e+01 0.000e+00 1.558e-01 3.249e-03 1.148e+01 0.000e+00 
3.893e-01 1.164e+01 0.000e+00 1.607e-01 3.249e-03 1.148e+01 0.000e+00 
3.653e-01 1.165e+01 0.000e+00 1.660e-01 3.249e-03 1.148e+01 0.000e+00 
3.421e-01 1.165e+01 0.000e+00 1.716e-01 3.249e-03 1.148e+01 0.000e+00 
3.196e-01 1.166e+01 0.000e+00 1.777e-01 3.249e-03 1.148e+01 0.000e+00 
2.979e-01 1.167e+01 0.000e+00 1.842e-01 3.249e-03 1.148e+01 0.000e+00 
2.770e-01 1.167e+01 0.000e+00 1.911e-01 3.249e-03 1.148e+01 0.000e+00 
2.568e-01 1.168e+01 0.000e+00 1.986e-01 3.249e-03 1.148e+01 0.000e+00 
2.374e-01 1.169e+01 0.000e+00 2.068e-01 3.249e-03 1.148e+01 0.000e+00 
2.188e-01 1.170e+01 0.000e+00 2.156e-01 3.249e-03 1.149e+01 0.000e+00 
2.009e-01 1.171e+01 0.000e+00 2.252e-01 3.249e-03 1.149e+01 0.000e+00 
1.838e-01 1.173e+01 0.000e+00 2.356e-01 3.249e-03 1.149e+01 0.000e+00 
1.674e-01 1.174e+01 0.000e+00 2.472e-01 3.249e-03 1.149e+01 0.000e+00 
1.518e-01 1.175e+01 0.000e+00 2.599e-01 3.249e-03 1.149e+01 0.000e+00 
1.370e-01 1.177e+01 0.000e+00 2.740e-01 3.249e-03 1.149e+01 0.000e+00 
1.229e-01 1.179e+01 0.000e+00 2.898e-01 3.249e-03 1.150e+01 0.000e+00 
1.096e-01 1.181e+01 0.000e+00 3.074e-01 3.249e-03 1.150e+01 0.000e+00 
9.708e-02 1.183e+01 0.000e+00 3.271e-01 3.249e-03 1.150e+01 0.000e+00 
8.540e-02 1.185e+01 0.000e+00 3.498e-01 3.249e-03 1.150e+01 0.000e+00 
7.428e-02 1.188e+01 0.000e+00 3.759e-01 3.249e-03 1.150e+01 0.000e+00 
6.402e-02 1.191e+01 0.000e+00 4.062e-01 3.249e-03 1.150e+01 0.000e+00 
5.452e-02 1.195e+01 0.000e+00 4.416e-01 3.249e-03 1.150e+01 0.000e+00 
4.578e-02 1.199e+01 0.000e+00 4.837e-01 3.249e-03 1.151e+01 0.000e+00 
3.781e-02 1.204e+01 0.000e+00 5.347e-01 3.249e-03 1.151e+01 0.000e+00 
3.060e-02 1.211e+01 0.000e+00 5.977e-01 3.249e-03 1.151e+01 0.000e+00 
2.415e-02 1.219e+01 0.000e+00 6.772e-01 3.249e-03 1.151e+01 0.000e+00 
1.847e-02 1.231e+01 0.000e+00 7.813e-01 3.249e-03 1.153e+01 0.000e+00 
1.354e-02 1.248e+01 0.000e+00 9.228e-01 3.249e-03 1.155e+01 0.000e+00 
9.380e-03 1.271e+01 0.000e+00 1.127e+00 3.249e-03 1.158e+01 0.000e+00 
5.980e-03 1.309e+01 0.000e+00 1.444e+00 3.249e-03 1.164e+01 0.000e+00 
3.342e-03 1.379e+01 0.000e+00 2.004e+00 3.249e-03 1.179e+01 0.000e+00 
1.466e-03 1.551e+01 0.000e+00 3.223e+00 3.249e-03 1.229e+01 0.000e+00 
3.524e-04 2.219e+01 0.000e+00 6.986e+00 3.249e-03 1.520e+01 0.000e+00 
1.000e-05 2.219e+01 0.000e+00 6.986e+00 3.249e-03 1.520e+01 0.000e+00 
